vehDrv_trqEcoTracMax_bp1= EcoObj.Parameter;
vehDrv_trqEcoTracMax_bp1.Value = [0 0.1 0.2 0.3 0.4 0.5 0.6 0.7 0.8 0.9 0.95 1];
vehDrv_trqEcoTracMax_bp1.RTWInfo.Alias = '';
vehDrv_trqEcoTracMax_bp1.RTWInfo.Alias = '';
vehDrv_trqEcoTracMax_bp1.Description = '';
vehDrv_trqEcoTracMax_bp1.RTWInfo.CustomStorageClass = 'Calibration';
vehDrv_trqEcoTracMax_bp1.Description = '';
  %
vehDrv_trqEcoTracMax_bp1.Description = '';
vehDrv_trqEcoTracMax_bp1.Description = '';
vehDrv_trqEcoTracMax_bp1.DataType = 'DT_pct_Sgl';
vehDrv_trqEcoTracMax_bp1.Description = '';
vehDrv_trqEcoTracMax_bp1.Description = '';
vehDrv_trqEcoTracMax_bp1.DocUnits = '';

vehDrv_trqEcoTracMax_bp2= EcoObj.Parameter;
vehDrv_trqEcoTracMax_bp2.Value = [-20 -5 0  10  20 30 40 50 60 70 80 90 95 100 115 120];
vehDrv_trqEcoTracMax_bp2.RTWInfo.Alias = '';
vehDrv_trqEcoTracMax_bp2.RTWInfo.Alias = '';
vehDrv_trqEcoTracMax_bp2.Description = '';
vehDrv_trqEcoTracMax_bp2.RTWInfo.CustomStorageClass = 'Calibration';
vehDrv_trqEcoTracMax_bp2.Description = '';
  %
vehDrv_trqEcoTracMax_bp2.Description = '';
vehDrv_trqEcoTracMax_bp2.Description = '';
vehDrv_trqEcoTracMax_bp2.DataType = 'DT_linspd_Sgl';
vehDrv_trqEcoTracMax_bp2.Description = '';
vehDrv_trqEcoTracMax_bp2.Description = '';
vehDrv_trqEcoTracMax_bp2.DocUnits = '';

vehDrv_trqEcoTracMax_map= EcoObj.Parameter;
vehDrv_trqEcoTracMax_map.Value = ...
  [0	0	0	0	0	0	0	0	0	0	0	0	0	0	0	0	;
-445	-443	441	439	437	435	433	431	429	427	425	423	421	419	417	415	;
-465	-463	461	459	457	455	453	451	449	447	445	443	441	439	437	435	;
-575	-570	565	560	555	550	545	540	535	530	525	520	515	510	505	500	;
-620	-617	614	611	608	605	602	599	596	593	590	587	584	581	578	575	;
-680	-679	678	677	676	675	674	673	672	671	670	669	668	667	666	665	;
-790	-787	784	781	778	775	772	769	766	763	760	757	754	751	748	745	;
-960	-958	956	954	952	950	948	946	944	942	940	938	936	934	932	930	;
-1080	-1079	1078	1077	1076	1075	1074	1073	1072	1071	1070	1069	1068	1067	1066	1065	;
-1380	-1378	1376	1374	1372	1370	1368	1366	1364	1362	1360	1358	1356	1354	1352	1350	;
-1580	-1578	1576	1574	1572	1570	1568	1566	1564	1562	1560	1558	1556	1554	1552	1550	;
-1900	-1900	1900	1900	1900	1900	1900	1900	1900	1900	1900	1900	1900	1900	1900	1900	
];
vehDrv_trqEcoTracMax_map.RTWInfo.Alias = '';
vehDrv_trqEcoTracMax_map.RTWInfo.Alias = '';
vehDrv_trqEcoTracMax_map.Description = '';
vehDrv_trqEcoTracMax_map.RTWInfo.CustomStorageClass = 'Calibration';
vehDrv_trqEcoTracMax_map.Description = '';
  %
vehDrv_trqEcoTracMax_map.Description = '';
vehDrv_trqEcoTracMax_map.Description = '';
vehDrv_trqEcoTracMax_map.DataType = 'DT_trq_Sgl';
vehDrv_trqEcoTracMax_map.Description = '';
vehDrv_trqEcoTracMax_map.Description = '';
vehDrv_trqEcoTracMax_map.DocUnits = '';

